Main Experts:



     0     1     2     3     4     5     6     7     8     9     10    11    12    13    14    15
0  0.90  0.60  0.01  0.98  0.01  0.98  0.60  0.70  0.80  0.65  0.60  0.70  0.75  0.60  0.90  0.60
1  0.90  0.60  0.98  0.01  0.70  0.80  0.01  0.98  0.60  0.70  0.60  0.90  0.01  0.98  0.98  0.01
2  0.01  0.98  0.70  0.80  0.60  0.70  0.75  0.60  0.75  0.60  0.60  0.70  0.50  0.50  0.60  0.90
3  0.98  0.01  0.60  0.90  0.90  0.60  0.80  0.65  0.98  0.01  0.50  0.50  0.80  0.65  0.70  0.80
4  0.50  0.50  0.60  0.90  0.70  0.80  0.98  0.01  0.60  0.70  0.98  0.01  0.01  0.98  0.75  0.60
5  0.80  0.65  0.60  0.70  0.50  0.50  0.90  0.60  0.80  0.65  0.60  0.70  0.50  0.50  0.98  0.01
6  0.50  0.50  0.70  0.80  0.70  0.80  0.60  0.70  0.01  0.98  0.60  0.70  0.01  0.98  0.50  0.50


     0     1    2    3     4     5     6     7     8     9     10    11    12    13    14    15
0  0.75  0.60  0.6  0.7  0.80  0.65  0.90  0.60  0.98  0.01  0.50  0.50  0.70  0.80  0.60  0.90
1  0.01  0.98  0.9  0.6  0.60  0.90  0.60  0.90  0.90  0.60  0.98  0.01  0.98  0.01  0.01  0.98
2  0.75  0.60  0.6  0.9  0.01  0.98  0.50  0.50  0.01  0.98  0.60  0.70  0.90  0.60  0.01  0.98
3  0.98  0.01  0.9  0.6  0.90  0.60  0.50  0.50  0.80  0.65  0.01  0.98  0.90  0.60  0.90  0.60
4  0.60  0.70  0.5  0.5  0.70  0.80  0.01  0.98  0.60  0.70  0.90  0.60  0.01  0.98  0.60  0.70
5  0.70  0.80  0.6  0.9  0.70  0.80  0.60  0.70  0.75  0.60  0.75  0.60  0.70  0.80  0.75  0.60
6  0.70  0.80  0.9  0.6  0.75  0.60  0.75  0.60  0.90  0.60  0.01  0.98  0.80  0.65  0.98  0.01


     0     1     2     3     4     5     6     7     8     9     10    11    12    13    14    15
0  0.60  0.90  0.01  0.98  0.60  0.90  0.98  0.01  0.75  0.60  0.80  0.65  0.50  0.50  0.50  0.50
1  0.60  0.90  0.50  0.50  0.01  0.98  0.60  0.90  0.60  0.90  0.50  0.50  0.90  0.60  0.75  0.60
2  0.80  0.65  0.98  0.01  0.70  0.80  0.01  0.98  0.01  0.98  0.50  0.50  0.90  0.60  0.01  0.98
3  0.60  0.90  0.75  0.60  0.98  0.01  0.98  0.01  0.50  0.50  0.60  0.70  0.75  0.60  0.75  0.60
4  0.60  0.90  0.50  0.50  0.90  0.60  0.75  0.60  0.60  0.90  0.80  0.65  0.50  0.50  0.90  0.60
5  0.70  0.80  0.01  0.98  0.01  0.98  0.98  0.01  0.98  0.01  0.90  0.60  0.80  0.65  0.01  0.98
6  0.01  0.98  0.70  0.80  0.80  0.65  0.60  0.90  0.98  0.01  0.75  0.60  0.01  0.98  0.60  0.70


     0     1     2     3     4     5    6     7     8     9     10    11    12    13    14    15
0  0.60  0.90  0.80  0.65  0.98  0.01  0.8  0.65  0.60  0.90  0.70  0.80  0.98  0.01  0.60  0.90
1  0.80  0.65  0.60  0.70  0.60  0.90  0.9  0.60  0.60  0.90  0.70  0.80  0.01  0.98  0.98  0.01
2  0.50  0.50  0.01  0.98  0.80  0.65  0.9  0.60  0.60  0.70  0.90  0.60  0.80  0.65  0.50  0.50
3  0.60  0.90  0.75  0.60  0.80  0.65  0.6  0.90  0.01  0.98  0.98  0.01  0.90  0.60  0.90  0.60
4  0.01  0.98  0.98  0.01  0.60  0.90  0.7  0.80  0.75  0.60  0.70  0.80  0.50  0.50  0.80  0.65
5  0.90  0.60  0.50  0.50  0.90  0.60  0.9  0.60  0.50  0.50  0.60  0.70  0.70  0.80  0.01  0.98
6  0.60  0.70  0.90  0.60  0.75  0.60  0.8  0.65  0.98  0.01  0.98  0.01  0.60  0.90  0.70  0.80


          0         1         2         3         4         5         6         7
0  0.945000  0.941193  0.941193  0.559000  0.786625  0.559000  0.637875  0.945000
1  0.945000  0.941193  0.855000  0.941193  0.559000  0.945000  0.941193  0.941193
2  0.941193  0.855000  0.559000  0.637875  0.637875  0.559000  0.250000  0.945000
3  0.941193  0.945000  0.945000  0.786625  0.941193  0.250000  0.786625  0.855000
4  0.250000  0.945000  0.855000  0.941193  0.559000  0.941193  0.941193  0.637875
5  0.786625  0.559000  0.250000  0.945000  0.786625  0.559000  0.250000  0.941193
6  0.250000  0.855000  0.855000  0.559000  0.941193  0.559000  0.941193  0.250000


          0      1         2         3         4         5         6         7
0  0.637875  0.559  0.786625  0.945000  0.941193  0.250000  0.855000  0.945000
1  0.941193  0.945  0.945000  0.945000  0.945000  0.941193  0.941193  0.941193
2  0.637875  0.945  0.941193  0.250000  0.941193  0.559000  0.945000  0.941193
3  0.941193  0.945  0.945000  0.250000  0.786625  0.941193  0.945000  0.945000
4  0.559000  0.250  0.855000  0.941193  0.559000  0.945000  0.941193  0.559000
5  0.855000  0.945  0.855000  0.559000  0.637875  0.637875  0.855000  0.637875
6  0.855000  0.945  0.637875  0.637875  0.945000  0.941193  0.786625  0.941193


          0         1         2         3         4         5         6         7
0  0.945000  0.941193  0.945000  0.941193  0.637875  0.786625  0.250000  0.250000
1  0.945000  0.250000  0.941193  0.945000  0.945000  0.250000  0.945000  0.637875
2  0.786625  0.941193  0.855000  0.941193  0.941193  0.250000  0.945000  0.941193
3  0.945000  0.637875  0.941193  0.941193  0.250000  0.559000  0.637875  0.637875
4  0.945000  0.250000  0.945000  0.637875  0.945000  0.786625  0.250000  0.945000
5  0.855000  0.941193  0.941193  0.941193  0.941193  0.945000  0.786625  0.941193
6  0.941193  0.855000  0.786625  0.945000  0.941193  0.637875  0.941193  0.559000


          0         1         2         3         4         5         6         7
0  0.945000  0.786625  0.941193  0.786625  0.945000  0.855000  0.941193  0.945000
1  0.786625  0.559000  0.945000  0.945000  0.945000  0.855000  0.941193  0.941193
2  0.250000  0.941193  0.786625  0.945000  0.559000  0.945000  0.786625  0.250000
3  0.945000  0.637875  0.786625  0.945000  0.941193  0.941193  0.945000  0.945000
4  0.941193  0.941193  0.945000  0.855000  0.637875  0.855000  0.250000  0.786625
5  0.945000  0.250000  0.945000  0.945000  0.250000  0.559000  0.855000  0.941193
6  0.559000  0.945000  0.637875  0.786625  0.941193  0.941193  0.945000  0.855000
          0         1         2         3
0  1.000000  0.833287  0.846019  0.890448
1  0.833287  1.000000  0.856121  0.854552
2  0.846019  0.856121  1.000000  0.899287
3  0.890448  0.854552  0.899287  1.000000
Attitude Values: [0.24805949 0.24556956 0.25111678 0.25525417]
Weight Vector 1x8:  [np.float64(0.0319), np.float64(0.3624), np.float64(0.0833), np.float64(0.0227), np.float64(0.0479), np.float64(0.0416), np.float64(0.2926), np.float64(0.1175)]

 Scheme A: 
Weight Vector 1: [np.float64(0.1175), np.float64(0.0319), np.float64(0.3624), np.float64(0.0833), np.float64(0.0227), np.float64(0.0479), np.float64(0.0416), np.float64(0.2926)]
Weight Vector 2: [np.float64(0.2926), np.float64(0.1175), np.float64(0.0319), np.float64(0.3624), np.float64(0.0833), np.float64(0.0227), np.float64(0.0479), np.float64(0.0416)]
Weight Vector 3: [np.float64(0.0416), np.float64(0.2926), np.float64(0.1175), np.float64(0.0319), np.float64(0.3624), np.float64(0.0833), np.float64(0.0227), np.float64(0.0479)]
Weight Vector 4: [np.float64(0.0479), np.float64(0.0416), np.float64(0.2926), np.float64(0.1175), np.float64(0.0319), np.float64(0.3624), np.float64(0.0833), np.float64(0.0227)]
Weight Vector 5: [np.float64(0.0227), np.float64(0.0479), np.float64(0.0416), np.float64(0.2926), np.float64(0.1175), np.float64(0.0319), np.float64(0.3624), np.float64(0.0833)]
Weight Vector 6: [np.float64(0.0833), np.float64(0.0227), np.float64(0.0479), np.float64(0.0416), np.float64(0.2926), np.float64(0.1175), np.float64(0.0319), np.float64(0.3624)]
Weight Vector 7: [np.float64(0.3624), np.float64(0.0833), np.float64(0.0227), np.float64(0.0479), np.float64(0.0416), np.float64(0.2926), np.float64(0.1175), np.float64(0.0319)]
Weight Vector 8: [np.float64(0.0319), np.float64(0.3624), np.float64(0.0833), np.float64(0.0227), np.float64(0.0479), np.float64(0.0416), np.float64(0.2926), np.float64(0.1175)]
Aggr. Bayesian:  [np.float64(0.1203), np.float64(0.1354), np.float64(0.1741), np.float64(0.0732), np.float64(0.0404), np.float64(0.4371), np.float64(0.0195)]
Rank:  [5 2 1 0 3 4 6]
Aggr. Bayesian:  [np.float64(0.1351), np.float64(0.2082), np.float64(0.0314), np.float64(0.0557), np.float64(0.3476), np.float64(0.0749), np.float64(0.1471)]
Rank:  [4 1 6 0 5 3 2]
Aggr. Bayesian:  [np.float64(0.0621), np.float64(0.0845), np.float64(0.0195), np.float64(0.0589), np.float64(0.6441), np.float64(0.0788), np.float64(0.0521)]
Rank:  [4 1 5 0 3 6 2]
Aggr. Bayesian:  [np.float64(0.1446), np.float64(0.2298), np.float64(0.0208), np.float64(0.2253), np.float64(0.1711), np.float64(0.1471), np.float64(0.0613)]
Rank:  [1 3 4 5 0 6 2]

 Scheme B:
Single Query: [(0.5, 0.5), (0.6, 0.9), (0.9, 0.6), (0.98, 0.01), (0.98, 0.01), (0.01, 0.98), (0.6, 0.9), (0.9, 0.6)]
Prioritization Values: [2.1553, 2.3639, 2.4559, 2.0032, 2.2434, 2.2124, 2.1499]
Rank: [3, 6, 0, 5, 4, 1, 2]
MultiQuery: 3, 5, 30, 50
Aggregated Query (3 Queries): [(np.float64(0.6649399761150975), np.float64(0.8320335292207617)), (np.float64(0.16509636244473136), np.float64(0.6649399761150976)), (np.float64(0.564621617328617), np.float64(0.6804092115953367)), (np.float64(0.1686865330603499), np.float64(0.763975018142774)), (np.float64(0.6804092115953366), np.float64(0.7559526299369239)), (np.float64(0.8088598499327551), np.float64(0.17544106429277195)), (np.float64(0.15182944859378314), np.float64(0.7318611420045944)), (np.float64(0.8199414989000341), np.float64(0.15326188647871064))]
Prioritization Values (3 Queries): [1.6627, 1.6876, 1.9082, 1.72, 1.6062, 1.7153, 1.7335]
Rank (3 Queries): [4, 0, 1, 5, 3, 6, 2]

Aggregated Query (5 Queries): [(np.float64(0.13629924890795322), np.float64(0.3547493460073785)), (np.float64(0.7378528457548089), np.float64(0.6710561488320866)), (np.float64(0.3038974104672709), np.float64(0.7909611276684704)), (np.float64(0.12030401126732267), np.float64(0.9095057131067498)), (np.float64(0.2713085416565605), np.float64(0.7384053230743222)), (np.float64(0.6948691053715765), np.float64(0.717034703205656)), (np.float64(0.3051532276904665), np.float64(0.32639505852371736)), (np.float64(0.7425773701619929), np.float64(0.3055156434719709))]
Prioritization Values (5 Queries): [1.4386, 1.269, 1.5767, 1.359, 1.3079, 1.5344, 1.3733]
Rank (5 Queries): [1, 4, 3, 6, 0, 5, 2]

Aggregated Query (30 Queries): [(np.float64(0.416773135477227), np.float64(0.3502172896343106)), (np.float64(0.5198137012700534), np.float64(0.463480272721474)), (np.float64(0.3509130948999151), np.float64(0.39630727662134185)), (np.float64(0.55637267667171), np.float64(0.4085013097031575)), (np.float64(0.6183915046287962), np.float64(0.357570004954872)), (np.float64(0.6273127869772409), np.float64(0.4593417413971983)), (np.float64(0.40374939450171665), np.float64(0.41493689477616014)), (np.float64(0.6237553640461), np.float64(0.3313010072731405))]
Prioritization Values (30 Queries): [1.7264, 1.7433, 1.9463, 1.7322, 1.7555, 1.7979, 1.8199]
Rank (30 Queries): [0, 3, 1, 4, 5, 6, 2]

Aggregated Query (50 Queries): [(np.float64(0.4782524538324387), np.float64(0.34451433541946164)), (np.float64(0.4667868723932915), np.float64(0.4205751795907669)), (np.float64(0.41605660665319816), np.float64(0.5045464355593721)), (np.float64(0.3818613368714937), np.float64(0.3835486781967283)), (np.float64(0.4142520822669839), np.float64(0.4474616221164651)), (np.float64(0.4379417106124115), np.float64(0.46390138405075904)), (np.float64(0.44875473187094655), np.float64(0.44268212441944366)), (np.float64(0.5222605821310424), np.float64(0.5316837112861885))]
Prioritization Values (50 Queries): [1.5237, 1.5479, 1.689, 1.4788, 1.5477, 1.5946, 1.6169]
Rank (50 Queries): [3, 0, 4, 1, 5, 6, 2]

